initial: 6
0.20114 0.09832 0.17936 0.17753 0.22765 0.11599

transition: 6
0.30636 0.31008 0.10731 0.10253 0.08560 0.08812
0.10097 0.30664 0.31945 0.10170 0.08436 0.08688
0.10131 0.10252 0.31937 0.30510 0.08459 0.08711
0.10597 0.10723 0.11131 0.31902 0.26537 0.09109
0.10742 0.10858 0.11032 0.10585 0.28061 0.28722
0.31289 0.10539 0.10711 0.10283 0.09136 0.28041

observation: 6
0.13822 0.13822 0.13822 0.13822 0.13822 0.13822
0.40059 0.40059 0.40059 0.40059 0.40059 0.40059
0.14142 0.14142 0.14142 0.14142 0.14142 0.14142
0.01577 0.01577 0.01577 0.01577 0.01577 0.01577
0.19732 0.19732 0.19732 0.19732 0.19732 0.19732
0.10668 0.10668 0.10668 0.10668 0.10668 0.10668
