initial: 6
0.22485 0.10804 0.18897 0.18835 0.19027 0.09951

transition: 6
0.32140 0.31091 0.09079 0.09103 0.09141 0.09446
0.11075 0.32146 0.28144 0.09406 0.09457 0.09771
0.11458 0.11091 0.28831 0.28881 0.09706 0.10032
0.11436 0.11070 0.09597 0.28841 0.29049 0.10008
0.11320 0.10963 0.09542 0.09558 0.28831 0.29786
0.32820 0.10594 0.09228 0.09244 0.09298 0.28816

observation: 6
0.24433 0.24433 0.24433 0.24433 0.24433 0.24433
0.09680 0.09680 0.09680 0.09680 0.09680 0.09680
0.02680 0.02680 0.02680 0.02680 0.02680 0.02680
0.49099 0.49099 0.49099 0.49099 0.49099 0.49099
0.07749 0.07749 0.07749 0.07749 0.07749 0.07749
0.06358 0.06358 0.06358 0.06358 0.06358 0.06358
