initial: 6
0.25395 0.12196 0.20188 0.19794 0.14661 0.07766

transition: 6
0.32166 0.31216 0.09245 0.09154 0.08914 0.09305
0.11044 0.32162 0.28569 0.09429 0.09197 0.09599
0.11762 0.11443 0.29175 0.28865 0.09183 0.09571
0.11884 0.11558 0.09838 0.29201 0.27842 0.09676
0.11614 0.11279 0.09851 0.09742 0.28133 0.29381
0.33365 0.10803 0.09426 0.09322 0.08973 0.28110

observation: 6
0.33944 0.33944 0.33944 0.33944 0.33944 0.33944
0.23993 0.23993 0.23993 0.23993 0.23993 0.23993
0.06249 0.06249 0.06249 0.06249 0.06249 0.06249
0.08843 0.08843 0.08843 0.08843 0.08843 0.08843
0.16874 0.16874 0.16874 0.16874 0.16874 0.16874
0.10098 0.10098 0.10098 0.10098 0.10098 0.10098
