initial: 6
0.25336 0.11789 0.18640 0.18736 0.16615 0.08883

transition: 6
0.35228 0.32344 0.07636 0.07745 0.08190 0.08855
0.12805 0.35272 0.24927 0.08428 0.08922 0.09645
0.13805 0.12690 0.26637 0.26990 0.09555 0.10323
0.13609 0.12509 0.08769 0.26657 0.28274 0.10183
0.13286 0.12214 0.08498 0.08614 0.27590 0.29798
0.36853 0.11292 0.07852 0.07960 0.08500 0.27542

observation: 6
0.57049 0.57049 0.57049 0.57049 0.57049 0.57049
0.13864 0.13864 0.13864 0.13864 0.13864 0.13864
0.05475 0.05475 0.05475 0.05475 0.05475 0.05475
0.03798 0.03798 0.03798 0.03798 0.03798 0.03798
0.09107 0.09107 0.09107 0.09107 0.09107 0.09107
0.10708 0.10708 0.10708 0.10708 0.10708 0.10708
