initial: 6
0.17979 0.09087 0.21385 0.21777 0.20083 0.09689

transition: 6
0.29398 0.29244 0.09574 0.09847 0.11080 0.10858
0.09857 0.29405 0.28847 0.09888 0.11111 0.10892
0.09740 0.09712 0.28885 0.29733 0.11094 0.10835
0.09438 0.09413 0.09355 0.28891 0.32367 0.10535
0.09411 0.09363 0.09140 0.09420 0.31699 0.30967
0.28924 0.09593 0.09345 0.09632 0.10815 0.31690

observation: 6
0.25846 0.25846 0.25846 0.25846 0.25846 0.25846
0.08539 0.08539 0.08539 0.08539 0.08539 0.08539
0.09069 0.09069 0.09069 0.09069 0.09069 0.09069
0.01570 0.01570 0.01570 0.01570 0.01570 0.01570
0.33349 0.33349 0.33349 0.33349 0.33349 0.33349
0.21627 0.21627 0.21627 0.21627 0.21627 0.21627
